Sex,Age Group,Year,Citizen category,Ethnic,"Population (""000)"
Male,0 to 4,2010,Malaysian citizens,Bumiputera,942.03
Male,0 to 4,2010,Malaysian citizens,Chinese,223.155
Male,0 to 4,2010,Malaysian citizens,Indians,76.216
Male,0 to 4,2010,Malaysian citizens,Others,18.894
Male,0 to 4,2010,Malaysian citizens,Bumiputera,978.715
Male,5 to 9,2010,Malaysian citizens,Chinese,255.267
Male,5 to 9,2010,Malaysian citizens,Indians,86.434
Male,5 to 9,2010,Malaysian citizens,Others,15.979
Male,10 to 14,2010,Malaysian citizens,Bumiputera,961.801
Male,10 to 14,2010,Malaysian citizens,Chinese,267.983
Male,10 to 14,2010,Malaysian citizens,Indians,89.593
Male,10 to 14,2010,Malaysian citizens,Others,14.127
Male,15 to 19,2010,Malaysian citizens,Bumiputera,953.138
Male,15 to 19,2010,Malaysian citizens,Chinese,282.891
Male,15 to 19,2010,Malaysian citizens,Indians,91.699
Male,15 to 19,2010,Malaysian citizens,Others,13.313
Male,20 to 24,2010,Malaysian citizens,Bumiputera,862.558
Male,20 to 24,2010,Malaysian citizens,Chinese,270.084
Male,20 to 24,2010,Malaysian citizens,Indians,94.535
Male,20 to 24,2010,Malaysian citizens,Others,12.052
Male,25 to 29,2010,Malaysian citizens,Bumiputera,783.147
Male,25 to 29,2010,Malaysian citizens,Chinese,270.034
Male,25 to 29,2010,Malaysian citizens,Indians,90.177
Male,25 to 29,2010,Malaysian citizens,Others,9.857
Male,30 to 34,2010,Malaysian citizens,Bumiputera,608.821
Male,30 to 34,2010,Malaysian citizens,Chinese,252.502
Male,30 to 34,2010,Malaysian citizens,Indians,76.734
Male,30 to 34,2010,Malaysian citizens,Others,5.953
Male,35 to 39,2010,Malaysian citizens,Bumiputera,545.737
Male,35 to 39,2010,Malaysian citizens,Chinese,243.167
Male,35 to 39,2010,Malaysian citizens,Indians,67.564
Male,35 to 39,2010,Malaysian citizens,Others,4.844
Male,40 to 44,2010,Malaysian citizens,Bumiputera,506.044
Male,40 to 44,2010,Malaysian citizens,Chinese,234.761
Male,40 to 44,2010,Malaysian citizens,Indians,63.132
Male,40 to 44,2010,Malaysian citizens,Others,4.945
Male,45 to 49,2010,Malaysian citizens,Bumiputera,474.205
Male,45 to 49,2010,Malaysian citizens,Chinese,233.582
Male,45 to 49,2010,Malaysian citizens,Indians,64.029
Male,45 to 49,2010,Malaysian citizens,Others,4.8
Male,50 to 54,2010,Malaysian citizens,Bumiputera,397.679
Male,50 to 54,2010,Malaysian citizens,Chinese,209.577
Male,50 to 54,2010,Malaysian citizens,Indians,54.895
Male,50 to 54,2010,Malaysian citizens,Others,4.679
Male,55 to 59,2010,Malaysian citizens,Bumiputera,306.608
Male,55 to 59,2010,Malaysian citizens,Chinese,174.007
Male,55 to 59,2010,Malaysian citizens,Indians,41.195
Male,55 to 59,2010,Malaysian citizens,Others,3.495
Male,60 to 64,2010,Malaysian citizens,Bumiputera,225.577
Male,60 to 64,2010,Malaysian citizens,Chinese,145.432
Male,60 to 64,2010,Malaysian citizens,Indians,29.758
Male,60 to 64,2010,Malaysian citizens,Others,2.032
Male,65 to 69,2010,Malaysian citizens,Bumiputera,144.773
Male,65 to 69,2010,Malaysian citizens,Chinese,100.128
Male,65 to 69,2010,Malaysian citizens,Indians,15.623
Male,65 to 69,2010,Malaysian citizens,Others,1.483
Male,70 to 74,2010,Malaysian citizens,Bumiputera,105.979
Male,70 to 74,2010,Malaysian citizens,Chinese,76.545
Male,70 to 74,2010,Malaysian citizens,Indians,11.48
Male,70 to 74,2010,Malaysian citizens,Others,0.993
Male,75 to 79,2010,Malaysian citizens,Bumiputera,58.648
Male,75 to 79,2010,Malaysian citizens,Chinese,40.274
Male,75 to 79,2010,Malaysian citizens,Indians,6.945
Male,75 to 79,2010,Malaysian citizens,Others,0.662
Male,80+,2010,Malaysian citizens,Bumiputera,59.767
Male,80+,2010,Malaysian citizens,Chinese,34.556
Male,80+,2010,Malaysian citizens,Indians,6.197
Male,80+,2010,Malaysian citizens,Others,0.752
Female,0 to 4,2010,Malaysian citizens,Bumiputera,894.207
Female,0 to 4,2010,Malaysian citizens,Chinese,209.632
Female,0 to 4,2010,Malaysian citizens,Indians,73.012
Female,0 to 4,2010,Malaysian citizens,Others,17.375
Female,5 to 9,2010,Malaysian citizens,Bumiputera,931.24
Female,5 to 9,2010,Malaysian citizens,Chinese,240.671
Female,5 to 9,2010,Malaysian citizens,Indians,83.08
Female,5 to 9,2010,Malaysian citizens,Others,14.807
Female,10 to 14,2010,Malaysian citizens,Bumiputera,917.91
Female,10 to 14,2010,Malaysian citizens,Chinese,254.839
Female,10 to 14,2010,Malaysian citizens,Indians,87.562
Female,10 to 14,2010,Malaysian citizens,Others,13.041
Female,15 to 19,2010,Malaysian citizens,Bumiputera,930.062
Female,15 to 19,2010,Malaysian citizens,Chinese,267.004
Female,15 to 19,2010,Malaysian citizens,Indians,89.276
Female,15 to 19,2010,Malaysian citizens,Others,12.66
Female,20 to 24,2010,Malaysian citizens,Bumiputera,865.002
Female,20 to 24,2010,Malaysian citizens,Chinese,265.697
Female,20 to 24,2010,Malaysian citizens,Indians,90.248
Female,20 to 24,2010,Malaysian citizens,Others,11.897
Female,25 to 29,2010,Malaysian citizens,Bumiputera,771.419
Female,25 to 29,2010,Malaysian citizens,Chinese,261.835
Female,25 to 29,2010,Malaysian citizens,Indians,87.939
Female,25 to 29,2010,Malaysian citizens,Others,9.716
Female,30 to 34,2010,Malaysian citizens,Bumiputera,589.744
Female,30 to 34,2010,Malaysian citizens,Chinese,231.069
Female,30 to 34,2010,Malaysian citizens,Indians,72.716
Female,30 to 34,2010,Malaysian citizens,Others,6.493
Female,35 to 39,2010,Malaysian citizens,Bumiputera,545.53
Female,35 to 39,2010,Malaysian citizens,Chinese,225.207
Female,35 to 39,2010,Malaysian citizens,Indians,66.883
Female,35 to 39,2010,Malaysian citizens,Others,5.584
Female,40 to 44,2010,Malaysian citizens,Bumiputera,514.824
Female,40 to 44,2010,Malaysian citizens,Chinese,228.219
Female,40 to 44,2010,Malaysian citizens,Indians,66.607
Female,40 to 44,2010,Malaysian citizens,Others,5.325
Female,45 to 49,2010,Malaysian citizens,Bumiputera,459.678
Female,45 to 49,2010,Malaysian citizens,Chinese,206.629
Female,45 to 49,2010,Malaysian citizens,Indians,62.744
Female,45 to 49,2010,Malaysian citizens,Others,4.623
Female,50 to 54,2010,Malaysian citizens,Bumiputera,392.662
Female,50 to 54,2010,Malaysian citizens,Chinese,186.876
Female,50 to 54,2010,Malaysian citizens,Indians,55.856
Female,50 to 54,2010,Malaysian citizens,Others,3.729
Female,55 to 59,2010,Malaysian citizens,Bumiputera,301.303
Female,55 to 59,2010,Malaysian citizens,Chinese,157.724
Female,55 to 59,2010,Malaysian citizens,Indians,42.347
Female,55 to 59,2010,Malaysian citizens,Others,2.578
Female,60 to 64,2010,Malaysian citizens,Bumiputera,229.032
Female,60 to 64,2010,Malaysian citizens,Chinese,133.173
Female,60 to 64,2010,Malaysian citizens,Indians,32.33
Female,60 to 64,2010,Malaysian citizens,Others,1.828
Female,65 to 69,2010,Malaysian citizens,Bumiputera,152.379
Female,65 to 69,2010,Malaysian citizens,Chinese,89.844
Female,65 to 69,2010,Malaysian citizens,Indians,17.496
Female,65 to 69,2010,Malaysian citizens,Others,1.291
Female,70 to 74,2010,Malaysian citizens,Bumiputera,118.762
Female,70 to 74,2010,Malaysian citizens,Chinese,70.909
Female,70 to 74,2010,Malaysian citizens,Indians,13.757
Female,70 to 74,2010,Malaysian citizens,Others,0.872
Female,75 to 79,2010,Malaysian citizens,Bumiputera,69.408
Female,75 to 79,2010,Malaysian citizens,Chinese,41.562
Female,75 to 79,2010,Malaysian citizens,Indians,8.854
Female,75 to 79,2010,Malaysian citizens,Others,0.595
Female,80+,2010,Malaysian citizens,Bumiputera,78.41
Female,80+,2010,Malaysian citizens,Chinese,45.554
Female,80+,2010,Malaysian citizens,Indians,7.986
Female,80+,2010,Malaysian citizens,Others,0.736
Male,0 to 4,2011,Malaysian citizens,Bumiputera,940.3
Male,0 to 4,2011,Malaysian citizens,Chinese,215.9
Male,0 to 4,2011,Malaysian citizens,Indians,74.2
Male,0 to 4,2011,Malaysian citizens,Others,20.7
Male,5 to 9,2011,Malaysian citizens,Bumiputera,967.7
Male,5 to 9,2011,Malaysian citizens,Chinese,247.1
Male,5 to 9,2011,Malaysian citizens,Indians,84.2
Male,5 to 9,2011,Malaysian citizens,Others,16.6
Male,10 to 14,2011,Malaysian citizens,Bumiputera,968.2
Male,10 to 14,2011,Malaysian citizens,Chinese,267.2
Male,10 to 14,2011,Malaysian citizens,Indians,89.7
Male,10 to 14,2011,Malaysian citizens,Others,14.4
Male,15 to 19,2011,Malaysian citizens,Bumiputera,960.5
Male,15 to 19,2011,Malaysian citizens,Chinese,282.2
Male,15 to 19,2011,Malaysian citizens,Indians,91.1
Male,15 to 19,2011,Malaysian citizens,Others,13.4
Male,20 to 24,2011,Malaysian citizens,Bumiputera,880.6
Male,20 to 24,2011,Malaysian citizens,Chinese,271.9
Male,20 to 24,2011,Malaysian citizens,Indians,94
Male,20 to 24,2011,Malaysian citizens,Others,12.4
Male,25 to 29,2011,Malaysian citizens,Bumiputera,806.3
Male,25 to 29,2011,Malaysian citizens,Chinese,271
Male,25 to 29,2011,Malaysian citizens,Indians,91.5
Male,25 to 29,2011,Malaysian citizens,Others,10.5
Male,30 to 34,2011,Malaysian citizens,Bumiputera,636.8
Male,30 to 34,2011,Malaysian citizens,Chinese,255.3
Male,30 to 34,2011,Malaysian citizens,Indians,79.1
Male,30 to 34,2011,Malaysian citizens,Others,6.5
Male,35 to 39,2011,Malaysian citizens,Bumiputera,551.9
Male,35 to 39,2011,Malaysian citizens,Chinese,244.5
Male,35 to 39,2011,Malaysian citizens,Indians,68.7
Male,35 to 39,2011,Malaysian citizens,Others,4.9
Male,40 to 44,2011,Malaysian citizens,Bumiputera,510.1
Male,40 to 44,2011,Malaysian citizens,Chinese,235.2
Male,40 to 44,2011,Malaysian citizens,Indians,63
Male,40 to 44,2011,Malaysian citizens,Others,4.9
Male,45 to 49,2011,Malaysian citizens,Bumiputera,481.1
Male,45 to 49,2011,Malaysian citizens,Chinese,234.5
Male,45 to 49,2011,Malaysian citizens,Indians,63.6
Male,45 to 49,2011,Malaysian citizens,Others,4.8
Male,50 to 54,2011,Malaysian citizens,Bumiputera,412.1
Male,50 to 54,2011,Malaysian citizens,Chinese,214.5
Male,50 to 54,2011,Malaysian citizens,Indians,56.6
Male,50 to 54,2011,Malaysian citizens,Others,4.7
Male,55 to 59,2011,Malaysian citizens,Bumiputera,320.2
Male,55 to 59,2011,Malaysian citizens,Chinese,179
Male,55 to 59,2011,Malaysian citizens,Indians,43
Male,55 to 59,2011,Malaysian citizens,Others,3.7
Male,60 to 64,2011,Malaysian citizens,Bumiputera,237.5
Male,60 to 64,2011,Malaysian citizens,Chinese,150.4
Male,60 to 64,2011,Malaysian citizens,Indians,31.6
Male,60 to 64,2011,Malaysian citizens,Others,2.2
Male,65 to 69,2011,Malaysian citizens,Bumiputera,152.7
Male,65 to 69,2011,Malaysian citizens,Chinese,105.6
Male,65 to 69,2011,Malaysian citizens,Indians,17.3
Male,65 to 69,2011,Malaysian citizens,Others,1.5
Male,70 to 74,2011,Malaysian citizens,Bumiputera,108.7
Male,70 to 74,2011,Malaysian citizens,Chinese,79.2
Male,70 to 74,2011,Malaysian citizens,Indians,11.7
Male,70 to 74,2011,Malaysian citizens,Others,1
Male,75 to 79,2011,Malaysian citizens,Bumiputera,61.9
Male,75 to 79,2011,Malaysian citizens,Chinese,43.9
Male,75 to 79,2011,Malaysian citizens,Indians,7.3
Male,75 to 79,2011,Malaysian citizens,Others,0.7
Male,80+,2011,Malaysian citizens,Bumiputera,61.7
Male,80+,2011,Malaysian citizens,Chinese,36.6
Male,80+,2011,Malaysian citizens,Indians,6.6
Male,80+,2011,Malaysian citizens,Others,0.8
Female,0 to 4,2011,Malaysian citizens,Bumiputera,891.6
Female,0 to 4,2011,Malaysian citizens,Chinese,201.2
Female,0 to 4,2011,Malaysian citizens,Indians,71.2
Female,0 to 4,2011,Malaysian citizens,Others,19
Female,5 to 9,2011,Malaysian citizens,Bumiputera,920.6
Female,5 to 9,2011,Malaysian citizens,Chinese,232.7
Female,5 to 9,2011,Malaysian citizens,Indians,80.4
Female,5 to 9,2011,Malaysian citizens,Others,15.4
Female,10 to 14,2011,Malaysian citizens,Bumiputera,922.9
Female,10 to 14,2011,Malaysian citizens,Chinese,254.5
Female,10 to 14,2011,Malaysian citizens,Indians,86.7
Female,10 to 14,2011,Malaysian citizens,Others,13.4
Female,15 to 19,2011,Malaysian citizens,Bumiputera,932.4
Female,15 to 19,2011,Malaysian citizens,Chinese,265.6
Female,15 to 19,2011,Malaysian citizens,Indians,88.8
Female,15 to 19,2011,Malaysian citizens,Others,12.6
Female,20 to 24,2011,Malaysian citizens,Bumiputera,878.7
Female,20 to 24,2011,Malaysian citizens,Chinese,265.9
Female,20 to 24,2011,Malaysian citizens,Indians,90
Female,20 to 24,2011,Malaysian citizens,Others,12.2
Female,25 to 29,2011,Malaysian citizens,Bumiputera,798.5
Female,25 to 29,2011,Malaysian citizens,Chinese,264.8
Female,25 to 29,2011,Malaysian citizens,Indians,89.5
Female,25 to 29,2011,Malaysian citizens,Others,10.3
Female,30 to 34,2011,Malaysian citizens,Bumiputera,618
Female,30 to 34,2011,Malaysian citizens,Chinese,235.7
Female,30 to 34,2011,Malaysian citizens,Indians,75.4
Female,30 to 34,2011,Malaysian citizens,Others,7
Female,35 to 39,2011,Malaysian citizens,Bumiputera,549.2
Female,35 to 39,2011,Malaysian citizens,Chinese,224.4
Female,35 to 39,2011,Malaysian citizens,Indians,67.1
Female,35 to 39,2011,Malaysian citizens,Others,5.7
Female,40 to 44,2011,Malaysian citizens,Bumiputera,521.8
Female,40 to 44,2011,Malaysian citizens,Chinese,229.2
Female,40 to 44,2011,Malaysian citizens,Indians,66.6
Female,40 to 44,2011,Malaysian citizens,Others,5.4
Female,45 to 49,2011,Malaysian citizens,Bumiputera,471
Female,45 to 49,2011,Malaysian citizens,Chinese,210.9
Female,45 to 49,2011,Malaysian citizens,Indians,63.6
Female,45 to 49,2011,Malaysian citizens,Others,4.8
Female,50 to 54,2011,Malaysian citizens,Bumiputera,406.6
Female,50 to 54,2011,Malaysian citizens,Chinese,191.1
Female,50 to 54,2011,Malaysian citizens,Indians,57.5
Female,50 to 54,2011,Malaysian citizens,Others,3.9
Female,55 to 59,2011,Malaysian citizens,Bumiputera,316.3
Female,55 to 59,2011,Malaysian citizens,Chinese,162.4
Female,55 to 59,2011,Malaysian citizens,Indians,44.5
Female,55 to 59,2011,Malaysian citizens,Others,2.8
Female,60 to 64,2011,Malaysian citizens,Bumiputera,241.1
Female,60 to 64,2011,Malaysian citizens,Chinese,138.6
Female,60 to 64,2011,Malaysian citizens,Indians,34.3
Female,60 to 64,2011,Malaysian citizens,Others,1.9
Female,65 to 69,2011,Malaysian citizens,Bumiputera,161.1
Female,65 to 69,2011,Malaysian citizens,Chinese,95.9
Female,65 to 69,2011,Malaysian citizens,Indians,19.4
Female,65 to 69,2011,Malaysian citizens,Others,1.4
Female,70 to 74,2011,Malaysian citizens,Bumiputera,122.2
Female,70 to 74,2011,Malaysian citizens,Chinese,73.5
Female,70 to 74,2011,Malaysian citizens,Indians,13.9
Female,70 to 74,2011,Malaysian citizens,Others,0.9
Female,75 to 79,2011,Malaysian citizens,Bumiputera,72.8
Female,75 to 79,2011,Malaysian citizens,Chinese,44.4
Female,75 to 79,2011,Malaysian citizens,Indians,9.3
Female,75 to 79,2011,Malaysian citizens,Others,0.6
Female,80+,2011,Malaysian citizens,Bumiputera,80.8
Female,80+,2011,Malaysian citizens,Chinese,46.4
Female,80+,2011,Malaysian citizens,Indians,8.5
Female,80+,2011,Malaysian citizens,Others,0.7
Male,0 to 4,2012,Malaysian citizens,Bumiputera,949.7
Male,0 to 4,2012,Malaysian citizens,Chinese,211.2
Male,0 to 4,2012,Malaysian citizens,Indians,71.9
Male,0 to 4,2012,Malaysian citizens,Others,21.3
Male,5 to 9,2012,Malaysian citizens,Bumiputera,955.3
Male,5 to 9,2012,Malaysian citizens,Chinese,240.9
Male,5 to 9,2012,Malaysian citizens,Indians,81.9
Male,5 to 9,2012,Malaysian citizens,Others,17.3
Male,10 to 14,2012,Malaysian citizens,Bumiputera,973.8
Male,10 to 14,2012,Malaysian citizens,Chinese,264.9
Male,10 to 14,2012,Malaysian citizens,Indians,89.3
Male,10 to 14,2012,Malaysian citizens,Others,14.6
Male,15 to 19,2012,Malaysian citizens,Bumiputera,962.8
Male,15 to 19,2012,Malaysian citizens,Chinese,279
Male,15 to 19,2012,Malaysian citizens,Indians,90.6
Male,15 to 19,2012,Malaysian citizens,Others,13.6
Male,20 to 24,2012,Malaysian citizens,Bumiputera,899.1
Male,20 to 24,2012,Malaysian citizens,Chinese,275.1
Male,20 to 24,2012,Malaysian citizens,Indians,93.5
Male,20 to 24,2012,Malaysian citizens,Others,12.9
Male,25 to 29,2012,Malaysian citizens,Bumiputera,819.4
Male,25 to 29,2012,Malaysian citizens,Chinese,270.5
Male,25 to 29,2012,Malaysian citizens,Indians,92.5
Male,25 to 29,2012,Malaysian citizens,Others,11
Male,30 to 34,2012,Malaysian citizens,Bumiputera,672.3
Male,30 to 34,2012,Malaysian citizens,Chinese,258.2
Male,30 to 34,2012,Malaysian citizens,Indians,81.6
Male,30 to 34,2012,Malaysian citizens,Others,7.2
Male,35 to 39,2012,Malaysian citizens,Bumiputera,557.7
Male,35 to 39,2012,Malaysian citizens,Chinese,245.2
Male,35 to 39,2012,Malaysian citizens,Indians,69.6
Male,35 to 39,2012,Malaysian citizens,Others,5
Male,40 to 44,2012,Malaysian citizens,Bumiputera,515.4
Male,40 to 44,2012,Malaysian citizens,Chinese,235.9
Male,40 to 44,2012,Malaysian citizens,Indians,63.1
Male,40 to 44,2012,Malaysian citizens,Others,4.8
Male,45 to 49,2012,Malaysian citizens,Bumiputera,485.5
Male,45 to 49,2012,Malaysian citizens,Chinese,234
Male,45 to 49,2012,Malaysian citizens,Indians,62.8
Male,45 to 49,2012,Malaysian citizens,Others,4.8
Male,50 to 54,2012,Malaysian citizens,Bumiputera,425.8
Male,50 to 54,2012,Malaysian citizens,Chinese,219
Male,50 to 54,2012,Malaysian citizens,Indians,57.9
Male,50 to 54,2012,Malaysian citizens,Others,4.7
Male,55 to 59,2012,Malaysian citizens,Bumiputera,334.4
Male,55 to 59,2012,Malaysian citizens,Chinese,184.3
Male,55 to 59,2012,Malaysian citizens,Indians,45
Male,55 to 59,2012,Malaysian citizens,Others,4
Male,60 to 64,2012,Malaysian citizens,Bumiputera,248.8
Male,60 to 64,2012,Malaysian citizens,Chinese,154.2
Male,60 to 64,2012,Malaysian citizens,Indians,32.9
Male,60 to 64,2012,Malaysian citizens,Others,2.4
Male,65 to 69,2012,Malaysian citizens,Bumiputera,163.2
Male,65 to 69,2012,Malaysian citizens,Chinese,112.5
Male,65 to 69,2012,Malaysian citizens,Indians,19.5
Male,65 to 69,2012,Malaysian citizens,Others,1.5
Male,70 to 74,2012,Malaysian citizens,Bumiputera,110.1
Male,70 to 74,2012,Malaysian citizens,Chinese,80.4
Male,70 to 74,2012,Malaysian citizens,Indians,11.6
Male,70 to 74,2012,Malaysian citizens,Others,1.1
Male,75 to 79,2012,Malaysian citizens,Bumiputera,66.3
Male,75 to 79,2012,Malaysian citizens,Chinese,48.6
Male,75 to 79,2012,Malaysian citizens,Indians,7.7
Male,75 to 79,2012,Malaysian citizens,Others,0.6
Male,80+,2012,Malaysian citizens,Bumiputera,63.5
Male,80+,2012,Malaysian citizens,Chinese,38.3
Male,80+,2012,Malaysian citizens,Indians,6.9
Male,80+,2012,Malaysian citizens,Others,0.7
Female,0 to 4,2012,Malaysian citizens,Bumiputera,897.5
Female,0 to 4,2012,Malaysian citizens,Chinese,196
Female,0 to 4,2012,Malaysian citizens,Indians,69.3
Female,0 to 4,2012,Malaysian citizens,Others,19.5
Female,5 to 9,2012,Malaysian citizens,Bumiputera,909.7
Female,5 to 9,2012,Malaysian citizens,Chinese,226.3
Female,5 to 9,2012,Malaysian citizens,Indians,78.1
Female,5 to 9,2012,Malaysian citizens,Others,16
Female,10 to 14,2012,Malaysian citizens,Bumiputera,927
Female,10 to 14,2012,Malaysian citizens,Chinese,251.7
Female,10 to 14,2012,Malaysian citizens,Indians,85.3
Female,10 to 14,2012,Malaysian citizens,Others,13.6
Female,15 to 19,2012,Malaysian citizens,Bumiputera,929.4
Female,15 to 19,2012,Malaysian citizens,Chinese,263
Female,15 to 19,2012,Malaysian citizens,Indians,88.2
Female,15 to 19,2012,Malaysian citizens,Others,12.9
Female,20 to 24,2012,Malaysian citizens,Bumiputera,891.2
Female,20 to 24,2012,Malaysian citizens,Chinese,266.5
Female,20 to 24,2012,Malaysian citizens,Indians,89.7
Female,20 to 24,2012,Malaysian citizens,Others,12.3
Female,25 to 29,2012,Malaysian citizens,Bumiputera,816.6
Female,25 to 29,2012,Malaysian citizens,Chinese,266.3
Female,25 to 29,2012,Malaysian citizens,Indians,89.9
Female,25 to 29,2012,Malaysian citizens,Others,10.7
Female,30 to 34,2012,Malaysian citizens,Bumiputera,654.1
Female,30 to 34,2012,Malaysian citizens,Chinese,241.9
Female,30 to 34,2012,Malaysian citizens,Indians,78.7
Female,30 to 34,2012,Malaysian citizens,Others,7.6
Female,35 to 39,2012,Malaysian citizens,Bumiputera,551.7
Female,35 to 39,2012,Malaysian citizens,Chinese,224.2
Female,35 to 39,2012,Malaysian citizens,Indians,67.7
Female,35 to 39,2012,Malaysian citizens,Others,5.8
Female,40 to 44,2012,Malaysian citizens,Bumiputera,527.3
Female,40 to 44,2012,Malaysian citizens,Chinese,228.2
Female,40 to 44,2012,Malaysian citizens,Indians,66.5
Female,40 to 44,2012,Malaysian citizens,Others,5.4
Female,45 to 49,2012,Malaysian citizens,Bumiputera,481.9
Female,45 to 49,2012,Malaysian citizens,Chinese,215.7
Female,45 to 49,2012,Malaysian citizens,Indians,64.2
Female,45 to 49,2012,Malaysian citizens,Others,4.9
Female,50 to 54,2012,Malaysian citizens,Bumiputera,418.5
Female,50 to 54,2012,Malaysian citizens,Chinese,194.4
Female,50 to 54,2012,Malaysian citizens,Indians,58.6
Female,50 to 54,2012,Malaysian citizens,Others,4.1
Female,55 to 59,2012,Malaysian citizens,Bumiputera,333.1
Female,55 to 59,2012,Malaysian citizens,Chinese,167.8
Female,55 to 59,2012,Malaysian citizens,Indians,46.9
Female,55 to 59,2012,Malaysian citizens,Others,2.9
Female,60 to 64,2012,Malaysian citizens,Bumiputera,251.5
Female,60 to 64,2012,Malaysian citizens,Chinese,142.6
Female,60 to 64,2012,Malaysian citizens,Indians,35.8
Female,60 to 64,2012,Malaysian citizens,Others,2
Female,65 to 69,2012,Malaysian citizens,Bumiputera,172.9
Female,65 to 69,2012,Malaysian citizens,Chinese,103.7
Female,65 to 69,2012,Malaysian citizens,Indians,22
Female,65 to 69,2012,Malaysian citizens,Others,1.4
Female,70 to 74,2012,Malaysian citizens,Bumiputera,123.7
Female,70 to 74,2012,Malaysian citizens,Chinese,74.7
Female,70 to 74,2012,Malaysian citizens,Indians,13.9
Female,70 to 74,2012,Malaysian citizens,Others,1
Female,75 to 79,2012,Malaysian citizens,Bumiputera,78.5
Female,75 to 79,2012,Malaysian citizens,Chinese,48.7
Female,75 to 79,2012,Malaysian citizens,Indians,9.8
Female,75 to 79,2012,Malaysian citizens,Others,0.6
Female,80+,2012,Malaysian citizens,Bumiputera,82
Female,80+,2012,Malaysian citizens,Chinese,46.8
Female,80+,2012,Malaysian citizens,Indians,9
Female,80+,2012,Malaysian citizens,Others,0.7
Male,0 to 4,2013,Malaysian citizens,Bumiputera,962.8
Male,0 to 4,2013,Malaysian citizens,Chinese,208.5
Male,0 to 4,2013,Malaysian citizens,Indians,70.5
Male,0 to 4,2013,Malaysian citizens,Others,21.8
Male,5 to 9,2013,Malaysian citizens,Bumiputera,945.6
Male,5 to 9,2013,Malaysian citizens,Chinese,235
Male,5 to 9,2013,Malaysian citizens,Indians,79.5
Male,5 to 9,2013,Malaysian citizens,Others,17.8
Male,10 to 14,2013,Malaysian citizens,Bumiputera,976.5
Male,10 to 14,2013,Malaysian citizens,Chinese,262.4
Male,10 to 14,2013,Malaysian citizens,Indians,88.5
Male,10 to 14,2013,Malaysian citizens,Others,15
Male,15 to 19,2013,Malaysian citizens,Bumiputera,961.3
Male,15 to 19,2013,Malaysian citizens,Chinese,274.8
Male,15 to 19,2013,Malaysian citizens,Indians,90.1
Male,15 to 19,2013,Malaysian citizens,Others,13.6
Male,20 to 24,2013,Malaysian citizens,Bumiputera,918.7
Male,20 to 24,2013,Malaysian citizens,Chinese,278.9
Male,20 to 24,2013,Malaysian citizens,Indians,92.8
Male,20 to 24,2013,Malaysian citizens,Others,13.1
Male,25 to 29,2013,Malaysian citizens,Bumiputera,830.5
Male,25 to 29,2013,Malaysian citizens,Chinese,269
Male,25 to 29,2013,Malaysian citizens,Indians,92.5
Male,25 to 29,2013,Malaysian citizens,Others,11.4
Male,30 to 34,2013,Malaysian citizens,Bumiputera,712
Male,30 to 34,2013,Malaysian citizens,Chinese,263.3
Male,30 to 34,2013,Malaysian citizens,Indians,84.4
Male,30 to 34,2013,Malaysian citizens,Others,8.1
Male,35 to 39,2013,Malaysian citizens,Bumiputera,566.1
Male,35 to 39,2013,Malaysian citizens,Chinese,245.4
Male,35 to 39,2013,Malaysian citizens,Indians,71.5
Male,35 to 39,2013,Malaysian citizens,Others,5.3
Male,40 to 44,2013,Malaysian citizens,Bumiputera,521.9
Male,40 to 44,2013,Malaysian citizens,Chinese,237.3
Male,40 to 44,2013,Malaysian citizens,Indians,63.7
Male,40 to 44,2013,Malaysian citizens,Others,4.8
Male,45 to 49,2013,Malaysian citizens,Bumiputera,488
Male,45 to 49,2013,Malaysian citizens,Chinese,232.4
Male,45 to 49,2013,Malaysian citizens,Indians,62
Male,45 to 49,2013,Malaysian citizens,Others,4.8
Male,50 to 54,2013,Malaysian citizens,Bumiputera,439.1
Male,50 to 54,2013,Malaysian citizens,Chinese,223.3
Male,50 to 54,2013,Malaysian citizens,Indians,59
Male,50 to 54,2013,Malaysian citizens,Others,4.7
Male,55 to 59,2013,Malaysian citizens,Bumiputera,348.9
Male,55 to 59,2013,Malaysian citizens,Chinese,190.1
Male,55 to 59,2013,Malaysian citizens,Indians,46.6
Male,55 to 59,2013,Malaysian citizens,Others,4.2
Male,60 to 64,2013,Malaysian citizens,Bumiputera,259.7
Male,60 to 64,2013,Malaysian citizens,Chinese,156.9
Male,60 to 64,2013,Malaysian citizens,Indians,34
Male,60 to 64,2013,Malaysian citizens,Others,2.7
Male,65 to 69,2013,Malaysian citizens,Bumiputera,175.5
Male,65 to 69,2013,Malaysian citizens,Chinese,120.4
Male,65 to 69,2013,Malaysian citizens,Indians,21.6
Male,65 to 69,2013,Malaysian citizens,Others,1.6
Male,70 to 74,2013,Malaysian citizens,Bumiputera,111.1
Male,70 to 74,2013,Malaysian citizens,Chinese,80.9
Male,70 to 74,2013,Malaysian citizens,Indians,11.5
Male,70 to 74,2013,Malaysian citizens,Others,1.1
Male,75 to 79,2013,Malaysian citizens,Bumiputera,71
Male,75 to 79,2013,Malaysian citizens,Chinese,53.8
Male,75 to 79,2013,Malaysian citizens,Indians,8.2
Male,75 to 79,2013,Malaysian citizens,Others,0.7
Male,80+,2013,Malaysian citizens,Bumiputera,65.5
Male,80+,2013,Malaysian citizens,Chinese,40.5
Male,80+,2013,Malaysian citizens,Indians,7.2
Male,80+,2013,Malaysian citizens,Others,0.7
Female,0 to 4,2013,Malaysian citizens,Bumiputera,904.2
Female,0 to 4,2013,Malaysian citizens,Chinese,192.5
Female,0 to 4,2013,Malaysian citizens,Indians,67
Female,0 to 4,2013,Malaysian citizens,Others,20.3
Female,5 to 9,2013,Malaysian citizens,Bumiputera,901.3
Female,5 to 9,2013,Malaysian citizens,Chinese,220.1
Female,5 to 9,2013,Malaysian citizens,Indians,77
Female,5 to 9,2013,Malaysian citizens,Others,16.5
Female,10 to 14,2013,Malaysian citizens,Bumiputera,928.4
Female,10 to 14,2013,Malaysian citizens,Chinese,248.2
Female,10 to 14,2013,Malaysian citizens,Indians,84
Female,10 to 14,2013,Malaysian citizens,Others,13.9
Female,15 to 19,2013,Malaysian citizens,Bumiputera,924.9
Female,15 to 19,2013,Malaysian citizens,Chinese,260.2
Female,15 to 19,2013,Malaysian citizens,Indians,87.6
Female,15 to 19,2013,Malaysian citizens,Others,12.9
Female,20 to 24,2013,Malaysian citizens,Bumiputera,904.6
Female,20 to 24,2013,Malaysian citizens,Chinese,267.6
Female,20 to 24,2013,Malaysian citizens,Indians,89.4
Female,20 to 24,2013,Malaysian citizens,Others,12.6
Female,25 to 29,2013,Malaysian citizens,Bumiputera,834.1
Female,25 to 29,2013,Malaysian citizens,Chinese,267.3
Female,25 to 29,2013,Malaysian citizens,Indians,89.1
Female,25 to 29,2013,Malaysian citizens,Others,11.1
Female,30 to 34,2013,Malaysian citizens,Bumiputera,696.3
Female,30 to 34,2013,Malaysian citizens,Chinese,250.2
Female,30 to 34,2013,Malaysian citizens,Indians,82.3
Female,30 to 34,2013,Malaysian citizens,Others,8.3
Female,35 to 39,2013,Malaysian citizens,Bumiputera,555.7
Female,35 to 39,2013,Malaysian citizens,Chinese,224.3
Female,35 to 39,2013,Malaysian citizens,Indians,68.6
Female,35 to 39,2013,Malaysian citizens,Others,5.9
Female,40 to 44,2013,Malaysian citizens,Bumiputera,532.1
Female,40 to 44,2013,Malaysian citizens,Chinese,226.3
Female,40 to 44,2013,Malaysian citizens,Indians,66.4
Female,40 to 44,2013,Malaysian citizens,Others,5.5
Female,45 to 49,2013,Malaysian citizens,Bumiputera,492.1
Female,45 to 49,2013,Malaysian citizens,Chinese,220.7
Female,45 to 49,2013,Malaysian citizens,Indians,65
Female,45 to 49,2013,Malaysian citizens,Others,5.1
Female,50 to 54,2013,Malaysian citizens,Bumiputera,429.7
Female,50 to 54,2013,Malaysian citizens,Chinese,197.1
Female,50 to 54,2013,Malaysian citizens,Indians,59.7
Female,50 to 54,2013,Malaysian citizens,Others,4.2
Female,55 to 59,2013,Malaysian citizens,Bumiputera,350
Female,55 to 59,2013,Malaysian citizens,Chinese,173.2
Female,55 to 59,2013,Malaysian citizens,Indians,49.6
Female,55 to 59,2013,Malaysian citizens,Others,3.2
Female,60 to 64,2013,Malaysian citizens,Bumiputera,261.9
Female,60 to 64,2013,Malaysian citizens,Chinese,145.5
Female,60 to 64,2013,Malaysian citizens,Indians,37.2
Female,60 to 64,2013,Malaysian citizens,Others,2.1
Female,65 to 69,2013,Malaysian citizens,Bumiputera,186.4
Female,65 to 69,2013,Malaysian citizens,Chinese,112.3
Female,65 to 69,2013,Malaysian citizens,Indians,24.9
Female,65 to 69,2013,Malaysian citizens,Others,1.5
Female,70 to 74,2013,Malaysian citizens,Bumiputera,124.8
Female,70 to 74,2013,Malaysian citizens,Chinese,75.6
Female,70 to 74,2013,Malaysian citizens,Indians,13.8
Female,70 to 74,2013,Malaysian citizens,Others,1
Female,75 to 79,2013,Malaysian citizens,Bumiputera,84.8
Female,75 to 79,2013,Malaysian citizens,Chinese,53.4
Female,75 to 79,2013,Malaysian citizens,Indians,10.3
Female,75 to 79,2013,Malaysian citizens,Others,0.6
Female,80+,2013,Malaysian citizens,Bumiputera,83.6
Female,80+,2013,Malaysian citizens,Chinese,47.2
Female,80+,2013,Malaysian citizens,Indians,9.7
Female,80+,2013,Malaysian citizens,Others,0.7
Male,0 to 4,2014,Malaysian citizens,Bumiputera,970
Male,0 to 4,2014,Malaysian citizens,Chinese,201.5
Male,0 to 4,2014,Malaysian citizens,Indians,68.9
Male,0 to 4,2014,Malaysian citizens,Others,22.3
Male,5 to 9,2014,Malaysian citizens,Bumiputera,944.7
Male,5 to 9,2014,Malaysian citizens,Chinese,229.4
Male,5 to 9,2014,Malaysian citizens,Indians,77.7
Male,5 to 9,2014,Malaysian citizens,Others,18.2
Male,10 to 14,2014,Malaysian citizens,Bumiputera,977.7
Male,10 to 14,2014,Malaysian citizens,Chinese,259
Male,10 to 14,2014,Malaysian citizens,Indians,87.1
Male,10 to 14,2014,Malaysian citizens,Others,15.4
Male,15 to 19,2014,Malaysian citizens,Bumiputera,959.9
Male,15 to 19,2014,Malaysian citizens,Chinese,270.3
Male,15 to 19,2014,Malaysian citizens,Indians,89
Male,15 to 19,2014,Malaysian citizens,Others,14.6
Male,20 to 24,2014,Malaysian citizens,Bumiputera,940.1
Male,20 to 24,2014,Malaysian citizens,Chinese,281.1
Male,20 to 24,2014,Malaysian citizens,Indians,90.8
Male,20 to 24,2014,Malaysian citizens,Others,13.1
Male,25 to 29,2014,Malaysian citizens,Bumiputera,844.4
Male,25 to 29,2014,Malaysian citizens,Chinese,267.2
Male,25 to 29,2014,Malaysian citizens,Indians,92.6
Male,25 to 29,2014,Malaysian citizens,Others,11.7
Male,30 to 34,2014,Malaysian citizens,Bumiputera,749.7
Male,30 to 34,2014,Malaysian citizens,Chinese,268.5
Male,30 to 34,2014,Malaysian citizens,Indians,86.9
Male,30 to 34,2014,Malaysian citizens,Others,8.9
Male,35 to 39,2014,Malaysian citizens,Bumiputera,581.4
Male,35 to 39,2014,Malaysian citizens,Chinese,246.9
Male,35 to 39,2014,Malaysian citizens,Indians,73.5
Male,35 to 39,2014,Malaysian citizens,Others,6.1
Male,40 to 44,2014,Malaysian citizens,Bumiputera,528.7
Male,40 to 44,2014,Malaysian citizens,Chinese,238.2
Male,40 to 44,2014,Malaysian citizens,Indians,64.8
Male,40 to 44,2014,Malaysian citizens,Others,4.8
Male,45 to 49,2014,Malaysian citizens,Bumiputera,489.7
Male,45 to 49,2014,Malaysian citizens,Chinese,230.7
Male,45 to 49,2014,Malaysian citizens,Indians,61.5
Male,45 to 49,2014,Malaysian citizens,Others,4.8
Male,50 to 54,2014,Malaysian citizens,Bumiputera,451.3
Male,50 to 54,2014,Malaysian citizens,Chinese,226.8
Male,50 to 54,2014,Malaysian citizens,Indians,59.7
Male,50 to 54,2014,Malaysian citizens,Others,4.6
Male,55 to 59,2014,Malaysian citizens,Bumiputera,362.4
Male,55 to 59,2014,Malaysian citizens,Chinese,195.9
Male,55 to 59,2014,Malaysian citizens,Indians,48.2
Male,55 to 59,2014,Malaysian citizens,Others,4.3
Male,60 to 64,2014,Malaysian citizens,Bumiputera,269.9
Male,60 to 64,2014,Malaysian citizens,Chinese,159.9
Male,60 to 64,2014,Malaysian citizens,Indians,35.2
Male,60 to 64,2014,Malaysian citizens,Others,3
Male,65 to 69,2014,Malaysian citizens,Bumiputera,187.3
Male,65 to 69,2014,Malaysian citizens,Chinese,127.7
Male,65 to 69,2014,Malaysian citizens,Indians,23.7
Male,65 to 69,2014,Malaysian citizens,Others,1.7
Male,70 to 74,2014,Malaysian citizens,Bumiputera,113.2
Male,70 to 74,2014,Malaysian citizens,Chinese,82.6
Male,70 to 74,2014,Malaysian citizens,Indians,11.9
Male,70 to 74,2014,Malaysian citizens,Others,1.2
Male,75 to 79,2014,Malaysian citizens,Bumiputera,74.5
Male,75 to 79,2014,Malaysian citizens,Chinese,58.1
Male,75 to 79,2014,Malaysian citizens,Indians,8.5
Male,75 to 79,2014,Malaysian citizens,Others,0.7
Male,80+,2014,Malaysian citizens,Bumiputera,68.3
Male,80+,2014,Malaysian citizens,Chinese,43.2
Male,80+,2014,Malaysian citizens,Indians,7.8
Male,80+,2014,Malaysian citizens,Others,0.8
Female,0 to 4,2014,Malaysian citizens,Bumiputera,908.9
Female,0 to 4,2014,Malaysian citizens,Chinese,184.8
Female,0 to 4,2014,Malaysian citizens,Indians,63.4
Female,0 to 4,2014,Malaysian citizens,Others,21
Female,5 to 9,2014,Malaysian citizens,Bumiputera,897.7
Female,5 to 9,2014,Malaysian citizens,Chinese,214.6
Female,5 to 9,2014,Malaysian citizens,Indians,76
Female,5 to 9,2014,Malaysian citizens,Others,16.9
Female,10 to 14,2014,Malaysian citizens,Bumiputera,930.2
Female,10 to 14,2014,Malaysian citizens,Chinese,244.3
Female,10 to 14,2014,Malaysian citizens,Indians,83.2
Female,10 to 14,2014,Malaysian citizens,Others,14.3
Female,15 to 19,2014,Malaysian citizens,Bumiputera,919.6
Female,15 to 19,2014,Malaysian citizens,Chinese,255.8
Female,15 to 19,2014,Malaysian citizens,Indians,86.9
Female,15 to 19,2014,Malaysian citizens,Others,12.9
Female,20 to 24,2014,Malaysian citizens,Bumiputera,920.3
Female,20 to 24,2014,Malaysian citizens,Chinese,267.7
Female,20 to 24,2014,Malaysian citizens,Indians,90.1
Female,20 to 24,2014,Malaysian citizens,Others,12.7
Female,25 to 29,2014,Malaysian citizens,Bumiputera,850.8
Female,25 to 29,2014,Malaysian citizens,Chinese,268
Female,25 to 29,2014,Malaysian citizens,Indians,87.9
Female,25 to 29,2014,Malaysian citizens,Others,11.4
Female,30 to 34,2014,Malaysian citizens,Bumiputera,739.7
Female,30 to 34,2014,Malaysian citizens,Chinese,257.5
Female,30 to 34,2014,Malaysian citizens,Indians,85.8
Female,30 to 34,2014,Malaysian citizens,Others,9
Female,35 to 39,2014,Malaysian citizens,Bumiputera,566.3
Female,35 to 39,2014,Malaysian citizens,Chinese,226.2
Female,35 to 39,2014,Malaysian citizens,Indians,69.8
Female,35 to 39,2014,Malaysian citizens,Others,6.4
Female,40 to 44,2014,Malaysian citizens,Bumiputera,537.1
Female,40 to 44,2014,Malaysian citizens,Chinese,224.2
Female,40 to 44,2014,Malaysian citizens,Indians,66.7
Female,40 to 44,2014,Malaysian citizens,Others,5.5
Female,45 to 49,2014,Malaysian citizens,Bumiputera,501.3
Female,45 to 49,2014,Malaysian citizens,Chinese,224.3
Female,45 to 49,2014,Malaysian citizens,Indians,65.3
Female,45 to 49,2014,Malaysian citizens,Others,5.2
Female,50 to 54,2014,Malaysian citizens,Bumiputera,440.1
Female,50 to 54,2014,Malaysian citizens,Chinese,200.4
Female,50 to 54,2014,Malaysian citizens,Indians,60.8
Female,50 to 54,2014,Malaysian citizens,Others,4.4
Female,55 to 59,2014,Malaysian citizens,Bumiputera,366
Female,55 to 59,2014,Malaysian citizens,Chinese,178.5
Female,55 to 59,2014,Malaysian citizens,Indians,52
Female,55 to 59,2014,Malaysian citizens,Others,3.4
Female,60 to 64,2014,Malaysian citizens,Bumiputera,273.4
Female,60 to 64,2014,Malaysian citizens,Chinese,148.7
Female,60 to 64,2014,Malaysian citizens,Indians,38.8
Female,60 to 64,2014,Malaysian citizens,Others,2.3
Female,65 to 69,2014,Malaysian citizens,Bumiputera,199.4
Female,65 to 69,2014,Malaysian citizens,Chinese,120.4
Female,65 to 69,2014,Malaysian citizens,Indians,27.7
Female,65 to 69,2014,Malaysian citizens,Others,1.6
Female,70 to 74,2014,Malaysian citizens,Bumiputera,127.1
Female,70 to 74,2014,Malaysian citizens,Chinese,77.7
Female,70 to 74,2014,Malaysian citizens,Indians,14.3
Female,70 to 74,2014,Malaysian citizens,Others,1.1
Female,75 to 79,2014,Malaysian citizens,Bumiputera,89.9
Female,75 to 79,2014,Malaysian citizens,Chinese,57.5
Female,75 to 79,2014,Malaysian citizens,Indians,10.7
Female,75 to 79,2014,Malaysian citizens,Others,0.7
Female,80+,2014,Malaysian citizens,Bumiputera,85.7
Female,80+,2014,Malaysian citizens,Chinese,48.5
Female,80+,2014,Malaysian citizens,Indians,10.3
Female,80+,2014,Malaysian citizens,Others,0.7
Male,0 to 4,2015,Malaysian citizens,Bumiputera,983.6
Male,0 to 4,2015,Malaysian citizens,Chinese,197.3
Male,0 to 4,2015,Malaysian citizens,Indians,64.9
Male,0 to 4,2015,Malaysian citizens,Others,22.7
Male,5 to 9,2015,Malaysian citizens,Bumiputera,942.3
Male,5 to 9,2015,Malaysian citizens,Chinese,223.5
Male,5 to 9,2015,Malaysian citizens,Indians,76.3
Male,5 to 9,2015,Malaysian citizens,Others,18.6
Male,10 to 14,2015,Malaysian citizens,Bumiputera,977.7
Male,10 to 14,2015,Malaysian citizens,Chinese,254.7
Male,10 to 14,2015,Malaysian citizens,Indians,86.1
Male,10 to 14,2015,Malaysian citizens,Others,15.7
Male,15 to 19,2015,Malaysian citizens,Bumiputera,957.5
Male,15 to 19,2015,Malaysian citizens,Chinese,266.7
Male,15 to 19,2015,Malaysian citizens,Indians,89
Male,15 to 19,2015,Malaysian citizens,Others,15
Male,20 to 24,2015,Malaysian citizens,Bumiputera,951.9
Male,20 to 24,2015,Malaysian citizens,Chinese,281.6
Male,20 to 24,2015,Malaysian citizens,Indians,89
Male,20 to 24,2015,Malaysian citizens,Others,13.3
Male,25 to 29,2015,Malaysian citizens,Bumiputera,863.1
Male,25 to 29,2015,Malaysian citizens,Chinese,267.8
Male,25 to 29,2015,Malaysian citizens,Indians,92.6
Male,25 to 29,2015,Malaysian citizens,Others,12
Male,30 to 34,2015,Malaysian citizens,Bumiputera,777.5
Male,30 to 34,2015,Malaysian citizens,Chinese,270.5
Male,30 to 34,2015,Malaysian citizens,Indians,88.4
Male,30 to 34,2015,Malaysian citizens,Others,9.7
Male,35 to 39,2015,Malaysian citizens,Bumiputera,602.9
Male,35 to 39,2015,Malaysian citizens,Chinese,249.9
Male,35 to 39,2015,Malaysian citizens,Indians,75.7
Male,35 to 39,2015,Malaysian citizens,Others,6.4
Male,40 to 44,2015,Malaysian citizens,Bumiputera,535.9
Male,40 to 44,2015,Malaysian citizens,Chinese,239.3
Male,40 to 44,2015,Malaysian citizens,Indians,65.6
Male,40 to 44,2015,Malaysian citizens,Others,4.9
Male,45 to 49,2015,Malaysian citizens,Bumiputera,492.6
Male,45 to 49,2015,Malaysian citizens,Chinese,230.1
Male,45 to 49,2015,Malaysian citizens,Indians,61
Male,45 to 49,2015,Malaysian citizens,Others,4.8
Male,50 to 54,2015,Malaysian citizens,Bumiputera,459.8
Male,50 to 54,2015,Malaysian citizens,Chinese,228.3
Male,50 to 54,2015,Malaysian citizens,Indians,60.2
Male,50 to 54,2015,Malaysian citizens,Others,4.6
Male,55 to 59,2015,Malaysian citizens,Bumiputera,376.4
Male,55 to 59,2015,Malaysian citizens,Chinese,201.2
Male,55 to 59,2015,Malaysian citizens,Indians,49.8
Male,55 to 59,2015,Malaysian citizens,Others,4.4
Male,60 to 64,2015,Malaysian citizens,Bumiputera,281.9
Male,60 to 64,2015,Malaysian citizens,Chinese,163.6
Male,60 to 64,2015,Malaysian citizens,Indians,36.6
Male,60 to 64,2015,Malaysian citizens,Others,3.2
Male,65 to 69,2015,Malaysian citizens,Bumiputera,198.7
Male,65 to 69,2015,Malaysian citizens,Chinese,133.2
Male,65 to 69,2015,Malaysian citizens,Indians,25.5
Male,65 to 69,2015,Malaysian citizens,Others,1.8
Male,70 to 74,2015,Malaysian citizens,Bumiputera,117.8
Male,70 to 74,2015,Malaysian citizens,Chinese,86.6
Male,70 to 74,2015,Malaysian citizens,Indians,13
Male,70 to 74,2015,Malaysian citizens,Others,1.2
Male,75 to 79,2015,Malaysian citizens,Bumiputera,76.9
Male,75 to 79,2015,Malaysian citizens,Chinese,60.8
Male,75 to 79,2015,Malaysian citizens,Indians,8.7
Male,75 to 79,2015,Malaysian citizens,Others,0.6
Male,80+,2015,Malaysian citizens,Bumiputera,72.3
Male,80+,2015,Malaysian citizens,Chinese,46.7
Male,80+,2015,Malaysian citizens,Indians,8.4
Male,80+,2015,Malaysian citizens,Others,0.8
Female,0 to 4,2015,Malaysian citizens,Bumiputera,923
Female,0 to 4,2015,Malaysian citizens,Chinese,180.8
Female,0 to 4,2015,Malaysian citizens,Indians,60.8
Female,0 to 4,2015,Malaysian citizens,Others,21.5
Female,5 to 9,2015,Malaysian citizens,Bumiputera,893.1
Female,5 to 9,2015,Malaysian citizens,Chinese,208.6
Female,5 to 9,2015,Malaysian citizens,Indians,74.5
Female,5 to 9,2015,Malaysian citizens,Others,17.2
Female,10 to 14,2015,Malaysian citizens,Bumiputera,929.4
Female,10 to 14,2015,Malaysian citizens,Chinese,239.7
Female,10 to 14,2015,Malaysian citizens,Indians,82.4
Female,10 to 14,2015,Malaysian citizens,Others,14.6
Female,15 to 19,2015,Malaysian citizens,Bumiputera,915.4
Female,15 to 19,2015,Malaysian citizens,Chinese,252.5
Female,15 to 19,2015,Malaysian citizens,Indians,85.9
Female,15 to 19,2015,Malaysian citizens,Others,13
Female,20 to 24,2015,Malaysian citizens,Bumiputera,932.6
Female,20 to 24,2015,Malaysian citizens,Chinese,266.6
Female,20 to 24,2015,Malaysian citizens,Indians,89.6
Female,20 to 24,2015,Malaysian citizens,Others,12.7
Female,25 to 29,2015,Malaysian citizens,Bumiputera,866.9
Female,25 to 29,2015,Malaysian citizens,Chinese,267.2
Female,25 to 29,2015,Malaysian citizens,Indians,88.1
Female,25 to 29,2015,Malaysian citizens,Others,11.7
Female,30 to 34,2015,Malaysian citizens,Bumiputera,774.1
Female,30 to 34,2015,Malaysian citizens,Chinese,263.2
Female,30 to 34,2015,Malaysian citizens,Indians,87.2
Female,30 to 34,2015,Malaysian citizens,Others,9.6
Female,35 to 39,2015,Malaysian citizens,Bumiputera,585.6
Female,35 to 39,2015,Malaysian citizens,Chinese,229.9
Female,35 to 39,2015,Malaysian citizens,Indians,71.6
Female,35 to 39,2015,Malaysian citizens,Others,6.7
Female,40 to 44,2015,Malaysian citizens,Bumiputera,540.9
Female,40 to 44,2015,Malaysian citizens,Chinese,223.3
Female,40 to 44,2015,Malaysian citizens,Indians,66.7
Female,40 to 44,2015,Malaysian citizens,Others,5.6
Female,45 to 49,2015,Malaysian citizens,Bumiputera,508.7
Female,45 to 49,2015,Malaysian citizens,Chinese,226.2
Female,45 to 49,2015,Malaysian citizens,Indians,65.8
Female,45 to 49,2015,Malaysian citizens,Others,5.3
Female,50 to 54,2015,Malaysian citizens,Bumiputera,450.8
Female,50 to 54,2015,Malaysian citizens,Chinese,204
Female,50 to 54,2015,Malaysian citizens,Indians,61.5
Female,50 to 54,2015,Malaysian citizens,Others,4.6
Female,55 to 59,2015,Malaysian citizens,Bumiputera,380
Female,55 to 59,2015,Malaysian citizens,Chinese,183
Female,55 to 59,2015,Malaysian citizens,Indians,53.9
Female,55 to 59,2015,Malaysian citizens,Others,3.6
Female,60 to 64,2015,Malaysian citizens,Bumiputera,287
Female,60 to 64,2015,Malaysian citizens,Chinese,152.8
Female,60 to 64,2015,Malaysian citizens,Indians,40.5
Female,60 to 64,2015,Malaysian citizens,Others,2.4
Female,65 to 69,2015,Malaysian citizens,Bumiputera,211.4
Female,65 to 69,2015,Malaysian citizens,Chinese,126.5
Female,65 to 69,2015,Malaysian citizens,Indians,29.7
Female,65 to 69,2015,Malaysian citizens,Others,1.7
Female,70 to 74,2015,Malaysian citizens,Bumiputera,132.7
Female,70 to 74,2015,Malaysian citizens,Chinese,82
Female,70 to 74,2015,Malaysian citizens,Indians,15.5
Female,70 to 74,2015,Malaysian citizens,Others,1.1
Female,75 to 79,2015,Malaysian citizens,Bumiputera,93.1
Female,75 to 79,2015,Malaysian citizens,Chinese,60.3
Female,75 to 79,2015,Malaysian citizens,Indians,10.9
Female,75 to 79,2015,Malaysian citizens,Others,0.7
Female,80+,2015,Malaysian citizens,Bumiputera,89.2
Female,80+,2015,Malaysian citizens,Chinese,50.6
Female,80+,2015,Malaysian citizens,Indians,11
Female,80+,2015,Malaysian citizens,Others,0.7
Male,0 to 4,2016,Malaysian citizens,Bumiputera,1004.6
Male,0 to 4,2016,Malaysian citizens,Chinese,193.2
Male,0 to 4,2016,Malaysian citizens,Indians,63
Male,0 to 4,2016,Malaysian citizens,Others,21.8
Male,5 to 9,2016,Malaysian citizens,Bumiputera,942.3
Male,5 to 9,2016,Malaysian citizens,Chinese,216.6
Male,5 to 9,2016,Malaysian citizens,Indians,74.5
Male,5 to 9,2016,Malaysian citizens,Others,20.3
Male,10 to 14,2016,Malaysian citizens,Bumiputera,966.3
Male,10 to 14,2016,Malaysian citizens,Chinese,246.6
Male,10 to 14,2016,Malaysian citizens,Indians,83.7
Male,10 to 14,2016,Malaysian citizens,Others,16.2
Male,15 to 19,2016,Malaysian citizens,Bumiputera,963.6
Male,15 to 19,2016,Malaysian citizens,Chinese,265.6
Male,15 to 19,2016,Malaysian citizens,Indians,88.4
Male,15 to 19,2016,Malaysian citizens,Others,15.4
Male,20 to 24,2016,Malaysian citizens,Bumiputera,955.5
Male,20 to 24,2016,Malaysian citizens,Chinese,279.7
Male,20 to 24,2016,Malaysian citizens,Indians,87.7
Male,20 to 24,2016,Malaysian citizens,Others,13.6
Male,25 to 29,2016,Malaysian citizens,Bumiputera,879.3
Male,25 to 29,2016,Malaysian citizens,Chinese,272.2
Male,25 to 29,2016,Malaysian citizens,Indians,91.4
Male,25 to 29,2016,Malaysian citizens,Others,12.3
Male,30 to 34,2016,Malaysian citizens,Bumiputera,800.2
Male,30 to 34,2016,Malaysian citizens,Chinese,270
Male,30 to 34,2016,Malaysian citizens,Indians,89.5
Male,30 to 34,2016,Malaysian citizens,Others,10.3
Male,35 to 39,2016,Malaysian citizens,Bumiputera,631.7
Male,35 to 39,2016,Malaysian citizens,Chinese,253.3
Male,35 to 39,2016,Malaysian citizens,Indians,77.2
Male,35 to 39,2016,Malaysian citizens,Others,7.3
Male,40 to 44,2016,Malaysian citizens,Bumiputera,543.2
Male,40 to 44,2016,Malaysian citizens,Chinese,240.9
Male,40 to 44,2016,Malaysian citizens,Indians,66.7
Male,40 to 44,2016,Malaysian citizens,Others,5.1
Male,45 to 49,2016,Malaysian citizens,Bumiputera,496.2
Male,45 to 49,2016,Malaysian citizens,Chinese,230.2
Male,45 to 49,2016,Malaysian citizens,Indians,60.4
Male,45 to 49,2016,Malaysian citizens,Others,4.7
Male,50 to 54,2016,Malaysian citizens,Bumiputera,466
Male,50 to 54,2016,Malaysian citizens,Chinese,228.1
Male,50 to 54,2016,Malaysian citizens,Indians,60.2
Male,50 to 54,2016,Malaysian citizens,Others,4.6
Male,55 to 59,2016,Malaysian citizens,Bumiputera,390.8
Male,55 to 59,2016,Malaysian citizens,Chinese,206.2
Male,55 to 59,2016,Malaysian citizens,Indians,51.5
Male,55 to 59,2016,Malaysian citizens,Others,4.4
Male,60 to 64,2016,Malaysian citizens,Bumiputera,293.9
Male,60 to 64,2016,Malaysian citizens,Chinese,168.1
Male,60 to 64,2016,Malaysian citizens,Indians,38.1
Male,60 to 64,2016,Malaysian citizens,Others,3.4
Male,65 to 69,2016,Malaysian citizens,Bumiputera,209.9
Male,65 to 69,2016,Malaysian citizens,Chinese,137.7
Male,65 to 69,2016,Malaysian citizens,Indians,27.1
Male,65 to 69,2016,Malaysian citizens,Others,2
Male,70 to 74,2016,Malaysian citizens,Bumiputera,124.2
Male,70 to 74,2016,Malaysian citizens,Chinese,91.8
Male,70 to 74,2016,Malaysian citizens,Indians,14.4
Male,70 to 74,2016,Malaysian citizens,Others,1.3
Male,75 to 79,2016,Malaysian citizens,Bumiputera,79.6
Male,75 to 79,2016,Malaysian citizens,Chinese,63
Male,75 to 79,2016,Malaysian citizens,Indians,8.9
Male,75 to 79,2016,Malaysian citizens,Others,0.7
Male,80+,2016,Malaysian citizens,Bumiputera,75.5
Male,80+,2016,Malaysian citizens,Chinese,50.4
Male,80+,2016,Malaysian citizens,Indians,8.9
Male,80+,2016,Malaysian citizens,Others,0.9
Female,0 to 4,2016,Malaysian citizens,Bumiputera,940.5
Female,0 to 4,2016,Malaysian citizens,Chinese,178.4
Female,0 to 4,2016,Malaysian citizens,Indians,58.3
Female,0 to 4,2016,Malaysian citizens,Others,21
Female,5 to 9,2016,Malaysian citizens,Bumiputera,888.6
Female,5 to 9,2016,Malaysian citizens,Chinese,200.4
Female,5 to 9,2016,Malaysian citizens,Indians,71.9
Female,5 to 9,2016,Malaysian citizens,Others,18.8
Female,10 to 14,2016,Malaysian citizens,Bumiputera,918.6
Female,10 to 14,2016,Malaysian citizens,Chinese,231.8
Female,10 to 14,2016,Malaysian citizens,Indians,80.6
Female,10 to 14,2016,Malaysian citizens,Others,15
Female,15 to 19,2016,Malaysian citizens,Bumiputera,920.4
Female,15 to 19,2016,Malaysian citizens,Chinese,252.3
Female,15 to 19,2016,Malaysian citizens,Indians,85.1
Female,15 to 19,2016,Malaysian citizens,Others,13.2
Female,20 to 24,2016,Malaysian citizens,Bumiputera,932.8
Female,20 to 24,2016,Malaysian citizens,Chinese,264.3
Female,20 to 24,2016,Malaysian citizens,Indians,89.2
Female,20 to 24,2016,Malaysian citizens,Others,12.7
Female,25 to 29,2016,Malaysian citizens,Bumiputera,880.7
Female,25 to 29,2016,Malaysian citizens,Chinese,267.1
Female,25 to 29,2016,Malaysian citizens,Indians,88.6
Female,25 to 29,2016,Malaysian citizens,Others,11.9
Female,30 to 34,2016,Malaysian citizens,Bumiputera,800.9
Female,30 to 34,2016,Malaysian citizens,Chinese,265.8
Female,30 to 34,2016,Malaysian citizens,Indians,87.7
Female,30 to 34,2016,Malaysian citizens,Others,10.1
Female,35 to 39,2016,Malaysian citizens,Bumiputera,613.9
Female,35 to 39,2016,Malaysian citizens,Chinese,235
Female,35 to 39,2016,Malaysian citizens,Indians,74.5
Female,35 to 39,2016,Malaysian citizens,Others,7.3
Female,40 to 44,2016,Malaysian citizens,Bumiputera,544.4
Female,40 to 44,2016,Malaysian citizens,Chinese,223.2
Female,40 to 44,2016,Malaysian citizens,Indians,66.4
Female,40 to 44,2016,Malaysian citizens,Others,5.7
Female,45 to 49,2016,Malaysian citizens,Bumiputera,514.6
Female,45 to 49,2016,Malaysian citizens,Chinese,226.8
Female,45 to 49,2016,Malaysian citizens,Indians,66.1
Female,45 to 49,2016,Malaysian citizens,Others,5.3
Female,50 to 54,2016,Malaysian citizens,Bumiputera,461.8
Female,50 to 54,2016,Malaysian citizens,Chinese,208.3
Female,50 to 54,2016,Malaysian citizens,Indians,62.2
Female,50 to 54,2016,Malaysian citizens,Others,4.7
Female,55 to 59,2016,Malaysian citizens,Bumiputera,392
Female,55 to 59,2016,Malaysian citizens,Chinese,186.8
Female,55 to 59,2016,Malaysian citizens,Indians,55.6
Female,55 to 59,2016,Malaysian citizens,Others,3.8
Female,60 to 64,2016,Malaysian citizens,Bumiputera,301.3
Female,60 to 64,2016,Malaysian citizens,Chinese,157.3
Female,60 to 64,2016,Malaysian citizens,Indians,42.1
Female,60 to 64,2016,Malaysian citizens,Others,2.6
Female,65 to 69,2016,Malaysian citizens,Bumiputera,222.5
Female,65 to 69,2016,Malaysian citizens,Chinese,131.6
Female,65 to 69,2016,Malaysian citizens,Indians,31.7
Female,65 to 69,2016,Malaysian citizens,Others,1.8
Female,70 to 74,2016,Malaysian citizens,Bumiputera,140.6
Female,70 to 74,2016,Malaysian citizens,Chinese,88
Female,70 to 74,2016,Malaysian citizens,Indians,17.3
Female,70 to 74,2016,Malaysian citizens,Others,1.2
Female,75 to 79,2016,Malaysian citizens,Bumiputera,96.6
Female,75 to 79,2016,Malaysian citizens,Chinese,62.5
Female,75 to 79,2016,Malaysian citizens,Indians,11.2
Female,75 to 79,2016,Malaysian citizens,Others,0.7
Female,80+,2016,Malaysian citizens,Bumiputera,92.3
Female,80+,2016,Malaysian citizens,Chinese,52.6
Female,80+,2016,Malaysian citizens,Indians,11.5
Female,80+,2016,Malaysian citizens,Others,0.7
Male,0 to 4,2017,Malaysian citizens,Bumiputera,1008.7
Male,0 to 4,2017,Malaysian citizens,Chinese,184.1
Male,0 to 4,2017,Malaysian citizens,Indians,60.4
Male,0 to 4,2017,Malaysian citizens,Others,21.5
Male,5 to 9,2017,Malaysian citizens,Bumiputera,952.2
Male,5 to 9,2017,Malaysian citizens,Chinese,212.3
Male,5 to 9,2017,Malaysian citizens,Indians,72.7
Male,5 to 9,2017,Malaysian citizens,Others,20.9
Male,10 to 14,2017,Malaysian citizens,Bumiputera,955.6
Male,10 to 14,2017,Malaysian citizens,Chinese,240.5
Male,10 to 14,2017,Malaysian citizens,Indians,81.6
Male,10 to 14,2017,Malaysian citizens,Others,16.9
Male,15 to 19,2017,Malaysian citizens,Bumiputera,969.6
Male,15 to 19,2017,Malaysian citizens,Chinese,263.6
Male,15 to 19,2017,Malaysian citizens,Indians,88.3
Male,15 to 19,2017,Malaysian citizens,Others,15.3
Male,20 to 24,2017,Malaysian citizens,Bumiputera,956.7
Male,20 to 24,2017,Malaysian citizens,Chinese,276.5
Male,20 to 24,2017,Malaysian citizens,Indians,87.5
Male,20 to 24,2017,Malaysian citizens,Others,14
Male,25 to 29,2017,Malaysian citizens,Bumiputera,898.6
Male,25 to 29,2017,Malaysian citizens,Chinese,275.5
Male,25 to 29,2017,Malaysian citizens,Indians,90.5
Male,25 to 29,2017,Malaysian citizens,Others,12.5
Male,30 to 34,2017,Malaysian citizens,Bumiputera,815.9
Male,30 to 34,2017,Malaysian citizens,Chinese,269
Male,30 to 34,2017,Malaysian citizens,Indians,90.4
Male,30 to 34,2017,Malaysian citizens,Others,10.8
Male,35 to 39,2017,Malaysian citizens,Bumiputera,667
Male,35 to 39,2017,Malaysian citizens,Chinese,257.9
Male,35 to 39,2017,Malaysian citizens,Indians,79.9
Male,35 to 39,2017,Malaysian citizens,Others,7.8
Male,40 to 44,2017,Malaysian citizens,Bumiputera,549.8
Male,40 to 44,2017,Malaysian citizens,Chinese,241.8
Male,40 to 44,2017,Malaysian citizens,Indians,67.9
Male,40 to 44,2017,Malaysian citizens,Others,5.5
Male,45 to 49,2017,Malaysian citizens,Bumiputera,502
Male,45 to 49,2017,Malaysian citizens,Chinese,231.3
Male,45 to 49,2017,Malaysian citizens,Indians,60.6
Male,45 to 49,2017,Malaysian citizens,Others,4.6
Male,50 to 54,2017,Malaysian citizens,Bumiputera,469
Male,50 to 54,2017,Malaysian citizens,Chinese,227.1
Male,50 to 54,2017,Malaysian citizens,Indians,59.6
Male,50 to 54,2017,Malaysian citizens,Others,4.7
Male,55 to 59,2017,Malaysian citizens,Bumiputera,404.8
Male,55 to 59,2017,Malaysian citizens,Chinese,210.9
Male,55 to 59,2017,Malaysian citizens,Indians,53.1
Male,55 to 59,2017,Malaysian citizens,Others,4.4
Male,60 to 64,2017,Malaysian citizens,Bumiputera,306.7
Male,60 to 64,2017,Malaysian citizens,Chinese,173.3
Male,60 to 64,2017,Malaysian citizens,Indians,39.7
Male,60 to 64,2017,Malaysian citizens,Others,3.6
Male,65 to 69,2017,Malaysian citizens,Bumiputera,219.9
Male,65 to 69,2017,Malaysian citizens,Chinese,140.8
Male,65 to 69,2017,Malaysian citizens,Indians,28.3
Male,65 to 69,2017,Malaysian citizens,Others,2.1
Male,70 to 74,2017,Malaysian citizens,Bumiputera,132.8
Male,70 to 74,2017,Malaysian citizens,Chinese,98.4
Male,70 to 74,2017,Malaysian citizens,Indians,16.1
Male,70 to 74,2017,Malaysian citizens,Others,1.3
Male,75 to 79,2017,Malaysian citizens,Bumiputera,81.2
Male,75 to 79,2017,Malaysian citizens,Chinese,63.3
Male,75 to 79,2017,Malaysian citizens,Indians,8.8
Male,75 to 79,2017,Malaysian citizens,Others,0.8
Male,80+,2017,Malaysian citizens,Bumiputera,79
Male,80+,2017,Malaysian citizens,Chinese,55.1
Male,80+,2017,Malaysian citizens,Indians,9.5
Male,80+,2017,Malaysian citizens,Others,0.9
Female,0 to 4,2017,Malaysian citizens,Bumiputera,945.3
Female,0 to 4,2017,Malaysian citizens,Chinese,171.3
Female,0 to 4,2017,Malaysian citizens,Indians,56.2
Female,0 to 4,2017,Malaysian citizens,Others,20.5
Female,5 to 9,2017,Malaysian citizens,Bumiputera,895.2
Female,5 to 9,2017,Malaysian citizens,Chinese,195.7
Female,5 to 9,2017,Malaysian citizens,Indians,69.5
Female,5 to 9,2017,Malaysian citizens,Others,19.5
Female,10 to 14,2017,Malaysian citizens,Bumiputera,908.1
Female,10 to 14,2017,Malaysian citizens,Chinese,225.3
Female,10 to 14,2017,Malaysian citizens,Indians,79.1
Female,10 to 14,2017,Malaysian citizens,Others,15.7
Female,15 to 19,2017,Malaysian citizens,Bumiputera,925
Female,15 to 19,2017,Malaysian citizens,Chinese,249.6
Female,15 to 19,2017,Malaysian citizens,Indians,84.4
Female,15 to 19,2017,Malaysian citizens,Others,13.4
Female,20 to 24,2017,Malaysian citizens,Bumiputera,930.2
Female,20 to 24,2017,Malaysian citizens,Chinese,261.3
Female,20 to 24,2017,Malaysian citizens,Indians,88.5
Female,20 to 24,2017,Malaysian citizens,Others,12.7
Female,25 to 29,2017,Malaysian citizens,Bumiputera,896.1
Female,25 to 29,2017,Malaysian citizens,Chinese,267.2
Female,25 to 29,2017,Malaysian citizens,Indians,89.3
Female,25 to 29,2017,Malaysian citizens,Others,12.2
Female,30 to 34,2017,Malaysian citizens,Bumiputera,821.2
Female,30 to 34,2017,Malaysian citizens,Chinese,267.1
Female,30 to 34,2017,Malaysian citizens,Indians,87.8
Female,30 to 34,2017,Malaysian citizens,Others,10.6
Female,35 to 39,2017,Malaysian citizens,Bumiputera,652
Female,35 to 39,2017,Malaysian citizens,Chinese,241.8
Female,35 to 39,2017,Malaysian citizens,Indians,78.3
Female,35 to 39,2017,Malaysian citizens,Others,7.9
Female,40 to 44,2017,Malaysian citizens,Bumiputera,546.6
Female,40 to 44,2017,Malaysian citizens,Chinese,223
Female,40 to 44,2017,Malaysian citizens,Indians,66.6
Female,40 to 44,2017,Malaysian citizens,Others,5.9
Female,45 to 49,2017,Malaysian citizens,Bumiputera,520.6
Female,45 to 49,2017,Malaysian citizens,Chinese,225.9
Female,45 to 49,2017,Malaysian citizens,Indians,66.2
Female,45 to 49,2017,Malaysian citizens,Others,5.4
Female,50 to 54,2017,Malaysian citizens,Bumiputera,472.3
Female,50 to 54,2017,Malaysian citizens,Chinese,212.9
Female,50 to 54,2017,Malaysian citizens,Indians,62.9
Female,50 to 54,2017,Malaysian citizens,Others,4.9
Female,55 to 59,2017,Malaysian citizens,Bumiputera,403.7
Female,55 to 59,2017,Malaysian citizens,Chinese,190
Female,55 to 59,2017,Malaysian citizens,Indians,56.9
Female,55 to 59,2017,Malaysian citizens,Others,4
Female,60 to 64,2017,Malaysian citizens,Bumiputera,316.7
Female,60 to 64,2017,Malaysian citizens,Chinese,162.3
Female,60 to 64,2017,Malaysian citizens,Indians,44.4
Female,60 to 64,2017,Malaysian citizens,Others,2.8
Female,65 to 69,2017,Malaysian citizens,Bumiputera,232.5
Female,65 to 69,2017,Malaysian citizens,Chinese,135.5
Female,65 to 69,2017,Malaysian citizens,Indians,33.1
Female,65 to 69,2017,Malaysian citizens,Others,1.9
Female,70 to 74,2017,Malaysian citizens,Bumiputera,151.1
Female,70 to 74,2017,Malaysian citizens,Chinese,95.5
Female,70 to 74,2017,Malaysian citizens,Indians,19.6
Female,70 to 74,2017,Malaysian citizens,Others,1.3
Female,75 to 79,2017,Malaysian citizens,Bumiputera,98.6
Female,75 to 79,2017,Malaysian citizens,Chinese,63.2
Female,75 to 79,2017,Malaysian citizens,Indians,11.2
Female,75 to 79,2017,Malaysian citizens,Others,0.8
Female,80+,2017,Malaysian citizens,Bumiputera,96.3
Female,80+,2017,Malaysian citizens,Chinese,56.1
Female,80+,2017,Malaysian citizens,Indians,12.1
Female,80+,2017,Malaysian citizens,Others,0.8
Male,0 to 4,2018,Malaysian citizens,Bumiputera,1015
Male,0 to 4,2018,Malaysian citizens,Chinese,173
Male,0 to 4,2018,Malaysian citizens,Indians,58.2
Male,0 to 4,2018,Malaysian citizens,Others,20.9
Male,5 to 9,2018,Malaysian citizens,Bumiputera,964.2
Male,5 to 9,2018,Malaysian citizens,Chinese,209.2
Male,5 to 9,2018,Malaysian citizens,Indians,70.9
Male,5 to 9,2018,Malaysian citizens,Others,21.6
Male,10 to 14,2018,Malaysian citizens,Bumiputera,946.5
Male,10 to 14,2018,Malaysian citizens,Chinese,234.9
Male,10 to 14,2018,Malaysian citizens,Indians,79.5
Male,10 to 14,2018,Malaysian citizens,Others,17.5
Male,15 to 19,2018,Malaysian citizens,Bumiputera,972.8
Male,15 to 19,2018,Malaysian citizens,Chinese,261.5
Male,15 to 19,2018,Malaysian citizens,Indians,87.7
Male,15 to 19,2018,Malaysian citizens,Others,15.2
Male,20 to 24,2018,Malaysian citizens,Bumiputera,954.7
Male,20 to 24,2018,Malaysian citizens,Chinese,272.6
Male,20 to 24,2018,Malaysian citizens,Indians,87.5
Male,20 to 24,2018,Malaysian citizens,Others,14.4
Male,25 to 29,2018,Malaysian citizens,Bumiputera,917.7
Male,25 to 29,2018,Malaysian citizens,Chinese,278.5
Male,25 to 29,2018,Malaysian citizens,Indians,89.2
Male,25 to 29,2018,Malaysian citizens,Others,12.7
Male,30 to 34,2018,Malaysian citizens,Bumiputera,827.8
Male,30 to 34,2018,Malaysian citizens,Chinese,267.7
Male,30 to 34,2018,Malaysian citizens,Indians,90.7
Male,30 to 34,2018,Malaysian citizens,Others,11.2
Male,35 to 39,2018,Malaysian citizens,Bumiputera,705.4
Male,35 to 39,2018,Malaysian citizens,Chinese,262.4
Male,35 to 39,2018,Malaysian citizens,Indians,82.5
Male,35 to 39,2018,Malaysian citizens,Others,8.4
Male,40 to 44,2018,Malaysian citizens,Bumiputera,558.3
Male,40 to 44,2018,Malaysian citizens,Chinese,242.8
Male,40 to 44,2018,Malaysian citizens,Indians,69.1
Male,40 to 44,2018,Malaysian citizens,Others,5.9
Male,45 to 49,2018,Malaysian citizens,Bumiputera,508.8
Male,45 to 49,2018,Malaysian citizens,Chinese,232.8
Male,45 to 49,2018,Malaysian citizens,Indians,61.2
Male,45 to 49,2018,Malaysian citizens,Others,4.6
Male,50 to 54,2018,Malaysian citizens,Bumiputera,470.1
Male,50 to 54,2018,Malaysian citizens,Chinese,225.6
Male,50 to 54,2018,Malaysian citizens,Indians,58.6
Male,50 to 54,2018,Malaysian citizens,Others,4.7
Male,55 to 59,2018,Malaysian citizens,Bumiputera,417.5
Male,55 to 59,2018,Malaysian citizens,Chinese,214.8
Male,55 to 59,2018,Malaysian citizens,Indians,54.4
Male,55 to 59,2018,Malaysian citizens,Others,4.3
Male,60 to 64,2018,Malaysian citizens,Bumiputera,319.8
Male,60 to 64,2018,Malaysian citizens,Chinese,178.9
Male,60 to 64,2018,Malaysian citizens,Indians,41.3
Male,60 to 64,2018,Malaysian citizens,Others,3.8
Male,65 to 69,2018,Malaysian citizens,Bumiputera,228.9
Male,65 to 69,2018,Malaysian citizens,Chinese,143.2
Male,65 to 69,2018,Malaysian citizens,Indians,29.4
Male,65 to 69,2018,Malaysian citizens,Others,2.3
Male,70 to 74,2018,Malaysian citizens,Bumiputera,143.7
Male,70 to 74,2018,Malaysian citizens,Chinese,105.7
Male,70 to 74,2018,Malaysian citizens,Indians,18.1
Male,70 to 74,2018,Malaysian citizens,Others,1.3
Male,75 to 79,2018,Malaysian citizens,Bumiputera,82.2
Male,75 to 79,2018,Malaysian citizens,Chinese,63.4
Male,75 to 79,2018,Malaysian citizens,Indians,8.8
Male,75 to 79,2018,Malaysian citizens,Others,0.8
Male,80+,2018,Malaysian citizens,Bumiputera,82.8
Male,80+,2018,Malaysian citizens,Chinese,60.3
Male,80+,2018,Malaysian citizens,Indians,10.3
Male,80+,2018,Malaysian citizens,Others,0.9
Female,0 to 4,2018,Malaysian citizens,Bumiputera,953.4
Female,0 to 4,2018,Malaysian citizens,Chinese,161.5
Female,0 to 4,2018,Malaysian citizens,Indians,55.3
Female,0 to 4,2018,Malaysian citizens,Others,19.7
Female,5 to 9,2018,Malaysian citizens,Bumiputera,902.2
Female,5 to 9,2018,Malaysian citizens,Chinese,192.6
Female,5 to 9,2018,Malaysian citizens,Indians,66.4
Female,5 to 9,2018,Malaysian citizens,Others,20.4
Female,10 to 14,2018,Malaysian citizens,Bumiputera,899.8
Female,10 to 14,2018,Malaysian citizens,Chinese,219.6
Female,10 to 14,2018,Malaysian citizens,Indians,77.5
Female,10 to 14,2018,Malaysian citizens,Others,16.2
Female,15 to 19,2018,Malaysian citizens,Bumiputera,926.9
Female,15 to 19,2018,Malaysian citizens,Chinese,246.8
Female,15 to 19,2018,Malaysian citizens,Indians,83.6
Female,15 to 19,2018,Malaysian citizens,Others,13.7
Female,20 to 24,2018,Malaysian citizens,Bumiputera,924.6
Female,20 to 24,2018,Malaysian citizens,Chinese,258.1
Female,20 to 24,2018,Malaysian citizens,Indians,87.4
Female,20 to 24,2018,Malaysian citizens,Others,12.7
Female,25 to 29,2018,Malaysian citizens,Bumiputera,910.6
Female,25 to 29,2018,Malaysian citizens,Chinese,267.4
Female,25 to 29,2018,Malaysian citizens,Indians,89.7
Female,25 to 29,2018,Malaysian citizens,Others,12.4
Female,30 to 34,2018,Malaysian citizens,Bumiputera,836.2
Female,30 to 34,2018,Malaysian citizens,Chinese,266.9
Female,30 to 34,2018,Malaysian citizens,Indians,87.3
Female,30 to 34,2018,Malaysian citizens,Others,10.9
Female,35 to 39,2018,Malaysian citizens,Bumiputera,694.9
Female,35 to 39,2018,Malaysian citizens,Chinese,249.6
Female,35 to 39,2018,Malaysian citizens,Indians,81.8
Female,35 to 39,2018,Malaysian citizens,Others,8.4
Female,40 to 44,2018,Malaysian citizens,Bumiputera,550.4
Female,40 to 44,2018,Malaysian citizens,Chinese,223.6
Female,40 to 44,2018,Malaysian citizens,Indians,67.2
Female,40 to 44,2018,Malaysian citizens,Others,6.2
Female,45 to 49,2018,Malaysian citizens,Bumiputera,525.8
Female,45 to 49,2018,Malaysian citizens,Chinese,224.3
Female,45 to 49,2018,Malaysian citizens,Indians,66.1
Female,45 to 49,2018,Malaysian citizens,Others,5.4
Female,50 to 54,2018,Malaysian citizens,Bumiputera,482.2
Female,50 to 54,2018,Malaysian citizens,Chinese,217.6
Female,50 to 54,2018,Malaysian citizens,Indians,63.5
Female,50 to 54,2018,Malaysian citizens,Others,5
Female,55 to 59,2018,Malaysian citizens,Bumiputera,414.5
Female,55 to 59,2018,Malaysian citizens,Chinese,193
Female,55 to 59,2018,Malaysian citizens,Indians,57.9
Female,55 to 59,2018,Malaysian citizens,Others,4.1
Female,60 to 64,2018,Malaysian citizens,Bumiputera,332.1
Female,60 to 64,2018,Malaysian citizens,Chinese,167.7
Female,60 to 64,2018,Malaysian citizens,Indians,46.7
Female,60 to 64,2018,Malaysian citizens,Others,3
Female,65 to 69,2018,Malaysian citizens,Bumiputera,242.2
Female,65 to 69,2018,Malaysian citizens,Chinese,138.6
Female,65 to 69,2018,Malaysian citizens,Indians,34.2
Female,65 to 69,2018,Malaysian citizens,Others,2
Female,70 to 74,2018,Malaysian citizens,Bumiputera,163.5
Female,70 to 74,2018,Malaysian citizens,Chinese,103.8
Female,70 to 74,2018,Malaysian citizens,Indians,22.2
Female,70 to 74,2018,Malaysian citizens,Others,1.4
Female,75 to 79,2018,Malaysian citizens,Bumiputera,99.7
Female,75 to 79,2018,Malaysian citizens,Chinese,63.9
Female,75 to 79,2018,Malaysian citizens,Indians,11
Female,75 to 79,2018,Malaysian citizens,Others,0.8
Female,80+,2018,Malaysian citizens,Bumiputera,100.5
Female,80+,2018,Malaysian citizens,Chinese,59.8
Female,80+,2018,Malaysian citizens,Indians,12.9
Female,80+,2018,Malaysian citizens,Others,0.8
Male,0 to 4,2019,Malaysian citizens,Bumiputera,1023.7
Male,0 to 4,2019,Malaysian citizens,Chinese,166.6
Male,0 to 4,2019,Malaysian citizens,Indians,56.6
Male,0 to 4,2019,Malaysian citizens,Others,20.6
Male,5 to 9,2019,Malaysian citizens,Bumiputera,969.8
Male,5 to 9,2019,Malaysian citizens,Chinese,201.4
Male,5 to 9,2019,Malaysian citizens,Indians,68.1
Male,5 to 9,2019,Malaysian citizens,Others,22
Male,10 to 14,2019,Malaysian citizens,Bumiputera,944.5
Male,10 to 14,2019,Malaysian citizens,Chinese,229.3
Male,10 to 14,2019,Malaysian citizens,Indians,77.9
Male,10 to 14,2019,Malaysian citizens,Others,18
Male,15 to 19,2019,Malaysian citizens,Bumiputera,973.4
Male,15 to 19,2019,Malaysian citizens,Chinese,258.5
Male,15 to 19,2019,Malaysian citizens,Indians,86.9
Male,15 to 19,2019,Malaysian citizens,Others,15.3
Male,20 to 24,2019,Malaysian citizens,Bumiputera,951
Male,20 to 24,2019,Malaysian citizens,Chinese,268.8
Male,20 to 24,2019,Malaysian citizens,Indians,87.4
Male,20 to 24,2019,Malaysian citizens,Others,14.7
Male,25 to 29,2019,Malaysian citizens,Bumiputera,932.9
Male,25 to 29,2019,Malaysian citizens,Chinese,280.1
Male,25 to 29,2019,Malaysian citizens,Indians,88
Male,25 to 29,2019,Malaysian citizens,Others,12.8
Male,30 to 34,2019,Malaysian citizens,Bumiputera,841
Male,30 to 34,2019,Malaysian citizens,Chinese,268.1
Male,30 to 34,2019,Malaysian citizens,Indians,90.6
Male,30 to 34,2019,Malaysian citizens,Others,11.5
Male,35 to 39,2019,Malaysian citizens,Bumiputera,740.4
Male,35 to 39,2019,Malaysian citizens,Chinese,265.9
Male,35 to 39,2019,Malaysian citizens,Indians,84.8
Male,35 to 39,2019,Malaysian citizens,Others,9
Male,40 to 44,2019,Malaysian citizens,Bumiputera,572
Male,40 to 44,2019,Malaysian citizens,Chinese,244.5
Male,40 to 44,2019,Malaysian citizens,Indians,70.7
Male,40 to 44,2019,Malaysian citizens,Others,6.3
Male,45 to 49,2019,Malaysian citizens,Bumiputera,515.7
Male,45 to 49,2019,Malaysian citizens,Chinese,234.4
Male,45 to 49,2019,Malaysian citizens,Indians,62
Male,45 to 49,2019,Malaysian citizens,Others,4.6
Male,50 to 54,2019,Malaysian citizens,Bumiputera,471.5
Male,50 to 54,2019,Malaysian citizens,Chinese,224.4
Male,50 to 54,2019,Malaysian citizens,Indians,57.7
Male,50 to 54,2019,Malaysian citizens,Others,4.7
Male,55 to 59,2019,Malaysian citizens,Bumiputera,427.7
Male,55 to 59,2019,Malaysian citizens,Chinese,217.5
Male,55 to 59,2019,Malaysian citizens,Indians,55.3
Male,55 to 59,2019,Malaysian citizens,Others,4.3
Male,60 to 64,2019,Malaysian citizens,Bumiputera,333
Male,60 to 64,2019,Malaysian citizens,Chinese,184.5
Male,60 to 64,2019,Malaysian citizens,Indians,43
Male,60 to 64,2019,Malaysian citizens,Others,3.9
Male,65 to 69,2019,Malaysian citizens,Bumiputera,238.2
Male,65 to 69,2019,Malaysian citizens,Chinese,145.6
Male,65 to 69,2019,Malaysian citizens,Indians,30.5
Male,65 to 69,2019,Malaysian citizens,Others,2.6
Male,70 to 74,2019,Malaysian citizens,Bumiputera,154.5
Male,70 to 74,2019,Malaysian citizens,Chinese,112.1
Male,70 to 74,2019,Malaysian citizens,Indians,19.8
Male,70 to 74,2019,Malaysian citizens,Others,1.4
Male,75 to 79,2019,Malaysian citizens,Bumiputera,84
Male,75 to 79,2019,Malaysian citizens,Chinese,65.1
Male,75 to 79,2019,Malaysian citizens,Indians,9.2
Male,75 to 79,2019,Malaysian citizens,Others,0.9
Male,80+,2019,Malaysian citizens,Bumiputera,87.6
Male,80+,2019,Malaysian citizens,Chinese,65.1
Male,80+,2019,Malaysian citizens,Indians,10.9
Male,80+,2019,Malaysian citizens,Others,1
Female,0 to 4,2019,Malaysian citizens,Bumiputera,960.2
Female,0 to 4,2019,Malaysian citizens,Chinese,155.8
Female,0 to 4,2019,Malaysian citizens,Indians,54.9
Female,0 to 4,2019,Malaysian citizens,Others,19.3
Female,5 to 9,2019,Malaysian citizens,Bumiputera,906.8
Female,5 to 9,2019,Malaysian citizens,Chinese,185
Female,5 to 9,2019,Malaysian citizens,Indians,62.8
Female,5 to 9,2019,Malaysian citizens,Others,20.9
Female,10 to 14,2019,Malaysian citizens,Bumiputera,894.5
Female,10 to 14,2019,Malaysian citizens,Chinese,214
Female,10 to 14,2019,Malaysian citizens,Indians,75.4
Female,10 to 14,2019,Malaysian citizens,Others,16.6
Female,15 to 19,2019,Malaysian citizens,Bumiputera,929
Female,15 to 19,2019,Malaysian citizens,Chinese,243.4
Female,15 to 19,2019,Malaysian citizens,Indians,83.1
Female,15 to 19,2019,Malaysian citizens,Others,14.1
Female,20 to 24,2019,Malaysian citizens,Bumiputera,917.9
Female,20 to 24,2019,Malaysian citizens,Chinese,254.9
Female,20 to 24,2019,Malaysian citizens,Indians,86.3
Female,20 to 24,2019,Malaysian citizens,Others,12.7
Female,25 to 29,2019,Malaysian citizens,Bumiputera,923.2
Female,25 to 29,2019,Malaysian citizens,Chinese,267.1
Female,25 to 29,2019,Malaysian citizens,Indians,89.7
Female,25 to 29,2019,Malaysian citizens,Others,12.6
Female,30 to 34,2019,Malaysian citizens,Bumiputera,849.8
Female,30 to 34,2019,Malaysian citizens,Chinese,266.1
Female,30 to 34,2019,Malaysian citizens,Indians,87.1
Female,30 to 34,2019,Malaysian citizens,Others,11.2
Female,35 to 39,2019,Malaysian citizens,Bumiputera,735
Female,35 to 39,2019,Malaysian citizens,Chinese,256.6
Female,35 to 39,2019,Malaysian citizens,Indians,84.6
Female,35 to 39,2019,Malaysian citizens,Others,9
Female,40 to 44,2019,Malaysian citizens,Bumiputera,560.8
Female,40 to 44,2019,Malaysian citizens,Chinese,225.4
Female,40 to 44,2019,Malaysian citizens,Indians,68.6
Female,40 to 44,2019,Malaysian citizens,Others,6.5
Female,45 to 49,2019,Malaysian citizens,Bumiputera,530.5
Female,45 to 49,2019,Malaysian citizens,Chinese,222.7
Female,45 to 49,2019,Malaysian citizens,Indians,65.8
Female,45 to 49,2019,Malaysian citizens,Others,5.4
Female,50 to 54,2019,Malaysian citizens,Bumiputera,490.6
Female,50 to 54,2019,Malaysian citizens,Chinese,221.2
Female,50 to 54,2019,Malaysian citizens,Indians,64.1
Female,50 to 54,2019,Malaysian citizens,Others,5.1
Female,55 to 59,2019,Malaysian citizens,Bumiputera,425.8
Female,55 to 59,2019,Malaysian citizens,Chinese,196.2
Female,55 to 59,2019,Malaysian citizens,Indians,58.7
Female,55 to 59,2019,Malaysian citizens,Others,4.3
Female,60 to 64,2019,Malaysian citizens,Bumiputera,346.4
Female,60 to 64,2019,Malaysian citizens,Chinese,172.7
Female,60 to 64,2019,Malaysian citizens,Indians,49
Female,60 to 64,2019,Malaysian citizens,Others,3.2
Female,65 to 69,2019,Malaysian citizens,Bumiputera,252.8
Female,65 to 69,2019,Malaysian citizens,Chinese,141.8
Female,65 to 69,2019,Malaysian citizens,Indians,35.4
Female,65 to 69,2019,Malaysian citizens,Others,2.1
Female,70 to 74,2019,Malaysian citizens,Bumiputera,175.7
Female,70 to 74,2019,Malaysian citizens,Chinese,111.3
Female,70 to 74,2019,Malaysian citizens,Indians,24.6
Female,70 to 74,2019,Malaysian citizens,Others,1.5
Female,75 to 79,2019,Malaysian citizens,Bumiputera,102
Female,75 to 79,2019,Malaysian citizens,Chinese,66.4
Female,75 to 79,2019,Malaysian citizens,Indians,11.6
Female,75 to 79,2019,Malaysian citizens,Others,0.8
Female,80+,2019,Malaysian citizens,Bumiputera,105.4
Female,80+,2019,Malaysian citizens,Chinese,63.3
Female,80+,2019,Malaysian citizens,Indians,13.5
Female,80+,2019,Malaysian citizens,Others,0.9
